10.000	-48.219
43.000	-47.233
77.000	-41.889
110.000	-43.172
144.000	-36.780
177.000	-30.469
210.000	-17.322
244.000	-18.857
277.000	-24.025
311.000	-23.779
344.000	-19.889
378.000	-6.767
411.000	-15.324
444.000	-19.929
478.000	-19.967
511.000	-16.296
545.000	-4.503
578.000	-14.500
611.000	-19.157
645.000	-19.622
678.000	-16.346
712.000	-3.037
745.000	-16.491
778.000	-20.990
812.000	-14.721
845.000	-16.921
879.000	-5.218
912.000	-19.719
946.000	-23.490
979.000	-23.162
1012.000	-17.432
1046.000	-11.449
1079.000	-22.783
1113.000	-25.729
1146.000	-24.695
1179.000	-17.482
1213.000	-15.939
1246.000	-25.172
1280.000	-27.485
1313.000	-25.865
1346.000	-17.145
1380.000	-19.509
1413.000	-27.292
1447.000	-29.108
1480.000	-27.005
1514.000	-15.941
1547.000	-22.376
1580.000	-28.835
1614.000	-30.070
1647.000	-27.422
1681.000	-14.259
1714.000	-24.782
1747.000	-30.351
1781.000	-31.314
1814.000	-28.193
1848.000	-11.776
1881.000	-26.846
1914.000	-31.253
1948.000	-31.735
1981.000	-28.022
2015.000	-11.255
2048.000	-28.670
2082.000	-32.525
2115.000	-32.313
2148.000	-27.609
2182.000	-15.301
2215.000	-28.817
2249.000	-33.994
2282.000	-33.171
2315.000	-27.247
2349.000	-20.074
2382.000	-31.048
2416.000	-34.358
2449.000	-33.222
2482.000	-26.255
2516.000	-24.028
2549.000	-32.842
2583.000	-34.554
2616.000	-33.111
2649.000	-24.131
2683.000	-27.124
2716.000	-34.155
2750.000	-34.654
2783.000	-33.107
2817.000	-20.993
2850.000	-29.639
2883.000	-35.067
2917.000	-35.792
2950.000	-32.454
2984.000	-16.788
3017.000	-31.786
3050.000	-35.779
3084.000	-35.915
3117.000	-29.858
3151.000	-19.412
3184.000	-33.374
3217.000	-36.625
3251.000	-35.882
3284.000	-30.220
3318.000	-24.339
3351.000	-34.706
3385.000	-37.081
3418.000	-33.803
3451.000	-22.393
3485.000	-27.691
3518.000	-35.551
3552.000	-37.323
3585.000	-35.313
3618.000	-25.895
3652.000	-30.088
3685.000	-36.280
3719.000	-37.155
3752.000	-34.912
3785.000	-22.871
3819.000	-31.449
3852.000	-36.408
3886.000	-37.092
3919.000	-34.051
3953.000	-20.164
3986.000	-32.724
4019.000	-36.896
4053.000	-36.949
4086.000	-33.062
4120.000	-19.139
4153.000	-32.730
4186.000	-36.839
4220.000	-36.333
4253.000	-31.392
4287.000	-21.498
4320.000	-34.200
4353.000	-37.175
4387.000	-36.477
4420.000	-30.790
4454.000	-24.286
4487.000	-34.374
4521.000	-36.676
4554.000	-35.441
4587.000	-28.105
4621.000	-26.486
4654.000	-34.576
4688.000	-36.398
4721.000	-34.412
4754.000	-25.568
4788.000	-28.587
4821.000	-35.085
4855.000	-36.307
4888.000	-33.496
4921.000	-21.770
4955.000	-30.050
4988.000	-34.742
5022.000	-34.849
5055.000	-30.958
5089.000	-19.131
5122.000	-31.336
5155.000	-35.166
5189.000	-34.664
5222.000	-29.298
5256.000	-22.589
5289.000	-32.603
5322.000	-35.056
5356.000	-33.503
5389.000	-25.909
5423.000	-26.428
5456.000	-33.891
5489.000	-34.286
5523.000	-31.183
5556.000	-21.079
5590.000	-30.160
5623.000	-34.833
5657.000	-34.790
5690.000	-30.420
5723.000	-20.662
5757.000	-32.383
5790.000	-35.487
5824.000	-34.670
5857.000	-28.652
5890.000	-25.901
5924.000	-34.196
5957.000	-36.102
5991.000	-34.453
6024.000	-26.003
6057.000	-29.796
6091.000	-35.937
6124.000	-35.004
6158.000	-33.857
6191.000	-23.280
6225.000	-32.450
6258.000	-34.944
6291.000	-36.069
6325.000	-33.277
6358.000	-22.912
6392.000	-34.880
6425.000	-38.035
6458.000	-37.864
6492.000	-32.493
6525.000	-26.256
6559.000	-36.172
6592.000	-38.620
6625.000	-37.833
6659.000	-31.940
6692.000	-29.648
6726.000	-37.741
6759.000	-38.862
6793.000	-37.950
6826.000	-30.699
6859.000	-32.662
6893.000	-38.957
6926.000	-40.270
6960.000	-37.676
6993.000	-29.033
7026.000	-32.652
7060.000	-39.699
7093.000	-40.587
7127.000	-37.742
7160.000	-27.384
7193.000	-36.697
7227.000	-40.406
7260.000	-39.938
7294.000	-36.929
7327.000	-27.617
7361.000	-37.999
7394.000	-41.666
7427.000	-40.723
7461.000	-36.021
7494.000	-30.242
7528.000	-38.953
7561.000	-41.388
7594.000	-40.091
7628.000	-33.985
7661.000	-33.441
7695.000	-40.095
7728.000	-41.786
7761.000	-39.726
7795.000	-31.363
7828.000	-36.063
7862.000	-40.492
7895.000	-39.657
7928.000	-38.626
7962.000	-29.147
7995.000	-38.383
8029.000	-41.452
8062.000	-40.151
8096.000	-33.665
8129.000	-30.906
8162.000	-40.000
8196.000	-42.047
8229.000	-40.498
8263.000	-34.621
8296.000	-34.760
8329.000	-40.795
8363.000	-35.060
8396.000	-40.798
8430.000	-32.843
8463.000	-37.677
8496.000	-41.588
8530.000	-42.185
8563.000	-39.683
8597.000	-31.313
8630.000	-39.713
8664.000	-42.473
8697.000	-41.463
8730.000	-38.747
8764.000	-32.898
8797.000	-41.585
8831.000	-43.974
8864.000	-42.944
8897.000	-37.501
8931.000	-36.023
8964.000	-42.309
8998.000	-31.858
9031.000	-40.758
9064.000	-36.470
9098.000	-38.064
9131.000	-42.198
9165.000	-24.038
9198.000	-42.277
9232.000	-33.976
9265.000	-39.903
9298.000	-43.558
9332.000	-43.063
9365.000	-39.947
9399.000	-34.080
9432.000	-41.432
9465.000	-43.734
9499.000	-41.888
9532.000	-34.755
9566.000	-35.247
9599.000	-37.535
9632.000	-43.870
9666.000	-36.693
9699.000	-38.986
9733.000	-37.925
9766.000	-42.700
9800.000	-44.081
9833.000	-41.714
9866.000	-36.306
9900.000	-33.594
9933.000	-44.787
9967.000	-44.386
10000.000	-41.064
0.000	-36.769
0.000	-42.225
0.000	-45.184
0.000	-46.262
0.000	-45.734
0.000	-46.560
0.000	-39.357
0.000	-48.416
0.000	-48.050
0.000	-35.656
0.000	-44.749
0.000	-48.145
0.000	-41.374
0.000	-46.717
0.000	-41.852
0.000	-44.647
0.000	-37.199
0.000	-40.264
0.000	-45.145
0.000	-45.331
0.000	-45.213
0.000	-39.821
0.000	-42.761
0.000	-46.874
0.000	-45.953
0.000	-46.708
0.000	-43.188
0.000	-47.896
0.000	-47.010
0.000	-42.373
0.000	-47.787
0.000	-45.723
0.000	-47.817
0.000	-45.184
0.000	-46.619
0.000	-46.379
0.000	-45.784
0.000	-47.531
0.000	-48.987
0.000	-46.624
0.000	-47.396
0.000	-47.845
0.000	-45.785
0.000	-40.774
0.000	-47.323
0.000	-47.079
0.000	-47.564
0.000	-46.911
0.000	-46.466
0.000	-44.595
0.000	-47.142
0.000	-46.821
0.000	-29.262
0.000	-36.383
0.000	-22.988
0.000	-43.824
0.000	-36.601
0.000	-44.523
0.000	-47.548
0.000	-46.450
0.000	-49.189
0.000	-47.297
0.000	-46.666
0.000	-47.137
0.000	-23.381
0.000	-44.524
0.000	-41.889
0.000	-45.973
0.000	-32.658
0.000	-48.405
0.000	-48.937
0.000	-46.776
0.000	-23.550
0.000	-43.094
0.000	-47.263
0.000	-45.973
0.000	-48.778
0.000	-47.082
0.000	-45.445
0.000	-47.817
0.000	-46.257
0.000	-47.094
0.000	-43.662
0.000	-48.174
0.000	-47.299
0.000	-40.851
0.000	-47.407
0.000	-48.534
0.000	-44.364
0.000	-47.947
0.000	-44.269
0.000	-46.485
0.000	-22.884
0.000	-45.591
0.000	-39.587
0.000	-47.613
0.000	-48.778
0.000	-48.449
0.000	-49.283
0.000	-44.614
0.000	-47.274
0.000	-47.811
0.000	-47.811
0.000	-47.880
0.000	-47.411
0.000	-46.456
0.000	-41.555
0.000	-46.249
0.000	-46.648
0.000	-46.497
0.000	-41.239
0.000	-45.879
0.000	-45.049
0.000	-46.136
0.000	-45.707
0.000	-46.906
0.000	-47.214
0.000	-43.975
0.000	-43.721
0.000	-44.544
0.000	-44.843
0.000	-47.696
0.000	-47.395
0.000	-47.548
0.000	-46.735
0.000	-47.543
0.000	-43.545
0.000	-41.632
0.000	-46.671
0.000	-45.840
0.000	-40.417
0.000	-45.274
0.000	-46.071
0.000	-44.377
0.000	-45.912
0.000	-44.706
0.000	-32.291
0.000	-36.771
0.000	-47.253
0.000	-40.970
